time,open,high,low,close,tick_volume,spread,real_volume
2008-05-16 12:46:00,72805,72805,72805,72805,1,1,3
2008-05-16 12:47:00,72810,72810,72800,72810,3,1,9
2008-05-16 12:48:00,72800,72800,72800,72800,1,1,3
2008-05-16 12:49:00,72820,72880,72820,72880,10,1,30
2008-05-16 12:50:00,72890,72960,72890,72960,16,1,48
2008-05-16 12:51:00,72955,72970,72955,72970,6,1,18
2008-05-16 12:52:00,72980,73010,72930,72950,17,1,51
2008-05-16 12:53:00,72930,72940,72900,72920,7,1,21
2008-05-16 12:54:00,72900,72900,72880,72890,4,1,12
2008-05-16 12:55:00,72900,72910,72900,72910,2,1,6
2008-05-16 12:56:00,72920,72920,72865,72865,5,1,15
2008-05-16 12:57:00,72900,72915,72900,72915,3,1,9
2008-05-16 12:58:00,72900,72905,72860,72860,6,1,18
2008-05-16 12:59:00,72900,72910,72900,72910,2,1,6
2008-05-16 13:00:00,72880,72880,72880,72880,1,1,3
2008-05-16 13:01:00,72880,72900,72880,72900,3,1,9
2008-05-16 13:02:00,72905,72925,72905,72910,7,1,21
2008-05-16 13:03:00,72920,72945,72900,72935,6,1,18
2008-05-16 13:04:00,72930,72930,72915,72915,2,1,6
2008-05-16 13:05:00,72915,72915,72900,72900,1,1,3
2008-05-16 13:06:00,72905,72905,72900,72900,2,1,6
2008-05-16 13:07:00,72930,72930,72900,72910,7,1,21
2008-05-16 13:08:00,72920,72920,72920,72920,1,1,3
2008-05-16 13:09:00,72920,72930,72920,72930,1,1,3
2008-05-16 13:10:00,72930,72985,72930,72985,7,1,21
2008-05-16 13:11:00,72985,73000,72985,72990,7,1,21
2008-05-16 13:12:00,72990,72990,72970,72975,5,1,15
2008-05-16 13:13:00,72980,73000,72980,73000,5,1,15
2008-05-16 13:14:00,73000,73025,73000,73025,4,1,12
2008-05-16 13:15:00,73025,73030,73010,73020,6,1,18
2008-05-16 13:16:00,73020,73070,73015,73050,16,1,48
2008-05-16 13:17:00,73050,73050,73030,73030,2,1,6
2008-05-16 13:18:00,73040,73075,73040,73070,9,1,27
2008-05-16 13:19:00,73075,73170,73060,73150,20,1,60
2008-05-16 13:20:00,73150,73170,73140,73145,16,1,48
2008-05-16 13:21:00,73140,73140,73105,73135,7,1,21
2008-05-16 13:22:00,73130,73150,73130,73130,5,1,15
2008-05-16 13:23:00,73130,73150,73130,73145,4,1,12
2008-05-16 13:24:00,73140,73145,73120,73120,4,1,12
2008-05-16 13:25:00,73120,73130,73055,73080,10,1,30
2008-05-16 13:26:00,73060,73100,73060,73100,3,1,9
2008-05-16 13:27:00,73100,73100,73070,73070,2,1,6
2008-05-16 13:28:00,73055,73070,73050,73070,5,1,15
2008-05-16 13:29:00,73065,73100,73065,73100,4,1,12
2008-05-16 13:30:00,73100,73110,73075,73075,5,1,15
2008-05-16 13:31:00,73075,73075,73050,73050,4,1,12
2008-05-16 13:32:00,73040,73050,73040,73050,2,1,6
2008-05-16 13:33:00,73050,73080,73050,73080,4,1,12
2008-05-16 13:34:00,73080,73080,73050,73050,1,1,3
2008-05-16 13:35:00,73020,73050,73020,73050,4,1,12
2008-05-16 13:36:00,73050,73050,73025,73025,4,1,12
2008-05-16 13:37:00,73025,73025,73020,73020,1,1,3
2008-05-16 13:39:00,73040,73050,73040,73050,2,1,6
2008-05-16 13:40:00,73065,73065,73050,73050,3,1,9
2008-05-16 13:41:00,73050,73070,73030,73070,5,1,15
2008-05-16 13:42:00,73070,73110,73070,73100,7,1,21
2008-05-16 13:43:00,73085,73100,73075,73080,6,1,18
2008-05-16 13:44:00,73080,73120,73080,73100,6,1,18
2008-05-16 13:45:00,73115,73120,73090,73100,7,1,21
2008-05-16 13:46:00,73100,73105,73080,73090,5,1,15
2008-05-16 13:47:00,73075,73075,73025,73040,12,1,36
2008-05-16 13:48:00,73050,73050,73050,73050,1,1,3
2008-05-16 13:49:00,73055,73055,73055,73055,1,1,3
2008-05-16 13:51:00,73065,73095,73065,73070,4,1,12
2008-05-16 13:52:00,73070,73080,73070,73080,1,1,3
2008-05-16 13:53:00,73095,73120,73095,73120,4,1,12
2008-05-16 13:54:00,73120,73130,73090,73090,7,1,21
2008-05-16 13:55:00,73090,73100,73070,73085,4,1,12
2008-05-16 13:56:00,73085,73120,73085,73120,2,1,6
2008-05-16 13:57:00,73115,73115,73115,73115,1,1,3
2008-05-16 13:58:00,73115,73115,73090,73100,3,1,9
2008-05-16 13:59:00,73110,73110,73110,73110,1,1,3
2008-05-16 14:00:00,73090,73110,73080,73110,3,1,9
2008-05-16 14:01:00,73100,73105,73100,73105,2,1,6
2008-05-16 14:02:00,73100,73110,73100,73110,2,1,6
2008-05-16 14:03:00,73110,73145,73110,73145,3,1,9
2008-05-16 14:04:00,73145,73150,73145,73150,1,1,3
2008-05-16 14:05:00,73150,73160,73130,73130,3,1,9
2008-05-16 14:06:00,73130,73160,73125,73160,8,1,24
2008-05-16 14:07:00,73170,73205,73165,73200,12,1,36
2008-05-16 14:08:00,73190,73210,73190,73190,11,1,33
2008-05-16 14:09:00,73180,73230,73180,73210,8,1,24
2008-05-16 14:10:00,73230,73250,73220,73220,9,1,27
2008-05-16 14:11:00,73230,73250,73185,73185,9,1,27
2008-05-16 14:12:00,73185,73200,73160,73160,8,1,24
2008-05-16 14:13:00,73170,73170,73160,73160,4,1,12
2008-05-16 14:14:00,73155,73160,73155,73160,2,1,6
2008-05-16 14:15:00,73160,73170,73155,73155,3,1,9
2008-05-16 14:16:00,73155,73160,73135,73160,7,1,21
2008-05-16 14:17:00,73140,73170,73140,73160,5,1,15
2008-05-16 14:18:00,73150,73160,73150,73160,4,1,12
2008-05-16 14:19:00,73170,73170,73150,73150,3,1,9
2008-05-16 14:20:00,73150,73150,73090,73100,7,1,21
2008-05-16 14:21:00,73100,73100,73080,73100,3,1,9
2008-05-16 14:22:00,73100,73100,73080,73100,8,1,24
2008-05-16 14:23:00,73100,73110,73100,73110,1,1,3
2008-05-16 14:24:00,73115,73130,73100,73130,6,1,18
2008-05-16 14:25:00,73110,73120,73110,73120,2,1,6
2008-05-16 14:26:00,73120,73130,73120,73130,1,1,3
2008-05-16 14:27:00,73120,73120,73090,73090,6,1,18
2008-05-16 14:28:00,73090,73090,73050,73085,6,1,18
2008-05-16 14:29:00,73080,73080,73080,73080,1,1,3
2008-05-16 14:30:00,73080,73080,72900,73000,12,1,36
2008-05-16 14:31:00,73000,73020,73000,73020,9,1,27
2008-05-16 14:32:00,73010,73030,73010,73020,7,1,21
2008-05-16 14:33:00,73020,73020,73000,73000,4,1,12
2008-05-16 14:34:00,73020,73030,73020,73030,2,1,6
2008-05-16 14:35:00,73000,73000,72970,72970,5,1,15
2008-05-16 14:36:00,72970,73000,72970,73000,11,1,33
2008-05-16 14:37:00,72980,72980,72920,72955,11,1,33
2008-05-16 14:38:00,72960,72960,72930,72940,3,1,9
2008-05-16 14:39:00,72940,72945,72920,72940,4,1,12
2008-05-16 14:40:00,72930,72950,72920,72950,12,1,36
2008-05-16 14:41:00,72930,72950,72905,72920,13,1,39
2008-05-16 14:42:00,72920,72960,72905,72950,8,1,24
2008-05-16 14:43:00,72950,72950,72940,72940,1,1,3
2008-05-16 14:44:00,72925,72925,72905,72905,3,1,9
2008-05-16 14:45:00,72910,72930,72905,72920,6,1,18
2008-05-16 14:46:00,72930,72930,72900,72910,7,1,21
2008-05-16 14:47:00,72900,72950,72900,72940,9,1,27
2008-05-16 14:48:00,72940,72960,72920,72930,5,1,15
2008-05-16 14:49:00,72955,72960,72950,72950,7,1,21
2008-05-16 14:50:00,72950,72960,72950,72950,2,1,6
2008-05-16 14:51:00,72965,72970,72965,72970,2,1,6
2008-05-16 14:52:00,72970,72980,72960,72960,9,1,27
2008-05-16 14:53:00,72970,72980,72970,72980,2,1,6
2008-05-16 14:54:00,72980,72980,72950,72950,9,1,27
2008-05-16 14:55:00,72960,73040,72960,73025,12,1,36
2008-05-16 14:56:00,73005,73030,73000,73000,14,1,42
2008-05-16 14:57:00,73010,73030,72990,73030,6,1,18
2008-05-16 14:58:00,73030,73035,73025,73035,3,1,9
2008-05-16 14:59:00,73040,73050,73010,73010,7,1,21
2008-05-16 15:00:00,73010,73020,72980,72980,10,1,30
2008-05-16 15:01:00,72980,72990,72980,72980,2,1,6
2008-05-16 15:02:00,72970,73030,72960,73000,10,1,30
2008-05-16 15:03:00,73000,73000,72980,72980,2,1,6
2008-05-16 15:04:00,72980,73010,72980,72980,4,1,12
2008-05-16 15:05:00,73000,73035,72990,72990,10,1,30
2008-05-16 15:06:00,73005,73040,73005,73040,6,1,18
2008-05-16 15:07:00,73040,73070,73030,73070,5,1,15
2008-05-16 15:08:00,73060,73100,73050,73080,13,1,39
2008-05-16 15:09:00,73100,73140,73085,73120,10,1,30
2008-05-16 15:10:00,73100,73140,73090,73130,15,1,45
2008-05-16 15:11:00,73120,73135,73110,73135,7,1,21
2008-05-16 15:12:00,73120,73140,73105,73135,9,1,27
2008-05-16 15:13:00,73130,73140,73120,73120,4,1,12
2008-05-16 15:14:00,73135,73135,73120,73130,4,1,12
2008-05-16 15:15:00,73120,73140,73100,73135,10,1,30
2008-05-16 15:16:00,73130,73140,73100,73100,12,1,36
2008-05-16 15:17:00,73125,73125,73080,73080,5,1,15
2008-05-16 15:18:00,73055,73100,73055,73100,9,1,27
2008-05-16 15:19:00,73090,73100,73090,73100,2,1,6
2008-05-16 15:20:00,73100,73130,73100,73130,8,1,24
2008-05-16 15:21:00,73130,73160,73100,73150,20,1,60
2008-05-16 15:22:00,73150,73150,73130,73130,5,1,15
2008-05-16 15:23:00,73135,73140,73120,73130,6,1,18
2008-05-16 15:24:00,73140,73150,73140,73150,3,1,9
2008-05-16 15:25:00,73140,73140,73050,73080,13,1,39
2008-05-16 15:26:00,73080,73080,73065,73065,2,1,6
2008-05-16 15:27:00,73065,73065,73035,73060,10,1,30
2008-05-16 15:28:00,73030,73030,73020,73020,2,1,6
2008-05-16 15:29:00,73040,73100,73040,73090,12,1,36
2008-05-16 15:30:00,73090,73090,73080,73080,1,1,3
2008-05-16 15:31:00,73085,73130,73085,73130,10,1,30
2008-05-16 15:32:00,73130,73130,73110,73110,4,1,12
2008-05-16 15:33:00,73120,73120,73070,73075,5,1,15
2008-05-16 15:34:00,73090,73130,73090,73130,5,1,15
2008-05-16 15:35:00,73065,73080,73040,73080,8,1,24
2008-05-16 15:36:00,73080,73110,73080,73100,5,1,15
2008-05-16 15:37:00,73095,73140,73095,73140,6,1,18
2008-05-16 15:38:00,73145,73150,73110,73150,15,1,45
2008-05-16 15:39:00,73160,73180,73110,73110,12,1,36
2008-05-16 15:40:00,73130,73150,73130,73150,4,1,12
2008-05-16 15:41:00,73150,73160,73125,73125,6,1,18
2008-05-16 15:42:00,73130,73150,73120,73150,6,1,18
2008-05-16 15:43:00,73170,73200,73150,73190,21,1,63
2008-05-16 15:44:00,73190,73240,73190,73220,20,1,60
2008-05-16 15:45:00,73220,73270,73220,73250,16,1,48
2008-05-16 15:46:00,73240,73280,73230,73280,16,1,48
2008-05-16 15:47:00,73275,73290,73230,73230,17,1,51
2008-05-16 15:48:00,73230,73250,73230,73250,5,1,15
2008-05-16 15:49:00,73240,73240,73180,73190,12,1,36
2008-05-16 15:50:00,73200,73210,73190,73190,5,1,15
2008-05-16 15:51:00,73190,73205,73180,73205,4,1,12
2008-05-16 15:52:00,73220,73230,73210,73210,4,1,12
2008-05-16 15:53:00,73205,73240,73205,73235,4,1,12
2008-05-16 15:54:00,73230,73280,73230,73250,12,1,36
2008-05-16 15:55:00,73250,73300,73250,73300,11,1,33
2008-05-16 15:56:00,73300,73340,73280,73295,12,1,36
2008-05-16 15:57:00,73290,73305,73270,73290,12,1,36
2008-05-16 15:58:00,73290,73305,73220,73220,11,1,33
2008-05-16 15:59:00,73220,73300,73220,73270,9,1,27
2008-05-16 16:00:00,73270,73295,73250,73295,4,1,12
2008-05-16 16:01:00,73280,73325,73265,73265,12,1,36
2008-05-16 16:02:00,73280,73330,73270,73330,10,1,30
2008-05-16 16:03:00,73320,73320,73290,73290,4,1,12
2008-05-16 16:04:00,73300,73300,73260,73270,10,1,30
2008-05-16 16:05:00,73270,73270,73250,73250,4,1,12
2008-05-16 16:06:00,73275,73300,73275,73280,10,1,30
2008-05-16 16:07:00,73290,73340,73290,73330,10,1,30
2008-05-16 16:08:00,73305,73320,73300,73300,11,1,33
2008-05-16 16:09:00,73280,73330,73280,73330,8,1,24
2008-05-16 16:10:00,73330,73360,73325,73350,9,1,27
2008-05-16 16:11:00,73345,73380,73345,73350,5,1,15
2008-05-16 16:12:00,73330,73350,73330,73350,2,1,6
2008-05-16 16:13:00,73340,73410,73340,73400,19,1,57
2008-05-16 16:14:00,73400,73400,73300,73320,18,1,54
2008-05-16 16:15:00,73315,73350,73300,73350,9,1,27
2008-05-16 16:16:00,73340,73350,73340,73350,2,1,6
2008-05-16 16:17:00,73340,73390,73340,73375,6,1,18
2008-05-16 16:18:00,73370,73380,73340,73380,12,1,36
2008-05-16 16:19:00,73395,73395,73340,73365,13,1,39
2008-05-16 16:20:00,73375,73400,73375,73380,10,1,30
2008-05-16 16:21:00,73400,73400,73350,73350,8,1,24
2008-05-16 16:22:00,73340,73350,73310,73350,8,1,24
2008-05-16 16:23:00,73325,73380,73325,73380,6,1,18
2008-05-16 16:24:00,73360,73360,73325,73350,12,1,36
2008-05-16 16:25:00,73350,73380,73350,73370,6,1,18
2008-05-16 16:26:00,73385,73385,73305,73320,19,1,57
2008-05-16 16:27:00,73320,73350,73320,73350,2,1,6
2008-05-16 16:28:00,73350,73360,73305,73320,10,1,30
2008-05-16 16:29:00,73315,73340,73285,73340,10,1,30
2008-05-16 16:30:00,73330,73350,73320,73330,10,1,30
2008-05-16 16:31:00,73325,73325,73310,73320,6,1,18
2008-05-16 16:32:00,73310,73370,73310,73370,6,1,18
2008-05-16 16:33:00,73370,73380,73350,73350,6,1,18
2008-05-16 16:34:00,73350,73350,73280,73280,11,1,33
2008-05-16 16:35:00,73290,73300,73270,73300,7,1,21
2008-05-16 16:36:00,73305,73330,73300,73300,8,1,24
2008-05-16 16:37:00,73290,73320,73290,73315,6,1,18
2008-05-16 16:38:00,73320,73340,73310,73330,9,1,27
2008-05-16 16:39:00,73345,73350,73340,73350,4,1,12
2008-05-16 16:40:00,73350,73370,73340,73370,4,1,12
2008-05-16 16:41:00,73370,73425,73370,73380,10,1,30
2008-05-16 16:42:00,73380,73385,73350,73350,7,1,21
2008-05-16 16:43:00,73350,73375,73345,73375,3,1,9
2008-05-16 16:44:00,73350,73380,73350,73360,3,1,9
2008-05-16 16:45:00,73370,73380,73350,73380,5,1,15
2008-05-16 16:46:00,73370,73410,73350,73410,13,1,39
2008-05-16 16:47:00,73410,73425,73370,73370,14,1,42
2008-05-16 16:48:00,73370,73390,73370,73370,2,1,6
2008-05-16 16:49:00,73380,73445,73380,73410,12,1,36
2008-05-16 16:50:00,73430,73440,73420,73420,4,1,12
2008-05-16 16:51:00,73440,73480,73430,73450,13,1,39
2008-05-16 16:52:00,73450,73450,73420,73450,6,1,18
2008-05-16 16:53:00,73425,73425,73380,73380,9,1,27
2008-05-16 16:54:00,73380,73435,73370,73410,9,1,27
2008-05-16 16:55:00,73420,73475,73420,73450,11,1,33
2008-05-16 16:56:00,73450,73490,73445,73450,11,1,33
2008-05-16 16:57:00,73460,73460,73385,73405,16,1,48
2008-05-16 16:58:00,73400,73410,73395,73400,9,1,27
2008-05-16 16:59:00,73425,73425,73385,73420,5,1,15
2008-05-16 17:00:00,73405,73420,73400,73400,6,1,18
2008-05-16 17:01:00,73420,73445,73420,73445,3,1,9
2008-05-16 17:02:00,73450,73450,73450,73450,1,1,3
2008-05-16 17:03:00,73450,73500,73450,73500,5,1,15
2008-05-16 17:04:00,73450,73450,73450,73450,1,1,3
2008-05-16 17:05:00,73450,73450,73450,73450,0,1,0
2008-05-16 17:06:00,73450,73450,73440,73450,4,1,12
2008-05-16 17:09:00,73430,73450,73430,73450,2,1,6
2008-05-16 17:12:00,73450,73450,73450,73450,0,1,0
2008-05-16 17:13:00,73440,73450,73440,73450,2,1,6
2008-05-16 17:15:00,73450,73460,73450,73450,2,1,6
2008-05-16 17:17:00,73450,73460,73450,73460,1,1,3
2008-05-16 17:18:00,73460,73460,73460,73460,0,1,0
2008-05-16 17:22:00,73440,73465,73440,73465,5,1,15
2008-05-16 17:23:00,73450,73470,73450,73470,2,1,6
2008-05-16 17:24:00,73450,73500,73450,73500,5,1,15
2008-05-16 17:25:00,73470,73470,73470,73470,1,1,3
2008-05-16 17:29:00,73495,73500,73490,73500,5,1,15
2008-05-16 17:30:00,73500,73500,73500,73500,0,1,0
2008-05-16 17:31:00,73500,73500,73500,73500,0,1,0
2008-05-16 17:32:00,73510,73520,73510,73520,2,1,6
2008-05-16 17:33:00,73540,73540,73540,73540,1,1,3
2008-05-16 17:34:00,73540,73550,73540,73550,2,1,6
2008-05-16 17:35:00,73560,73570,73550,73550,4,1,12
2008-05-16 17:36:00,73580,73580,73580,73580,1,1,3
2008-05-16 17:37:00,73580,73610,73580,73610,3,1,9
2008-05-16 17:38:00,73600,73600,73600,73600,1,1,3
2008-05-16 17:39:00,73600,73600,73600,73600,0,1,0
2008-05-16 17:41:00,73610,73610,73600,73600,2,1,6
2008-05-16 17:42:00,73595,73595,73595,73595,1,1,3
2008-05-16 17:43:00,73580,73580,73580,73580,1,1,3
2008-05-16 17:44:00,73565,73565,73535,73535,3,1,9
2008-05-16 17:46:00,73535,73535,73535,73535,0,1,0
2008-05-16 17:47:00,73500,73520,73500,73520,2,1,6
2008-05-16 17:48:00,73500,73505,73500,73505,2,1,6
2008-05-16 17:49:00,73510,73510,73490,73490,3,1,9
2008-05-16 17:50:00,73480,73495,73480,73495,2,1,6
2008-05-16 17:51:00,73495,73495,73470,73470,1,1,3
2008-05-16 17:52:00,73510,73530,73510,73530,2,1,6
2008-05-16 17:53:00,73520,73520,73500,73500,3,1,9
2008-05-16 17:55:00,73500,73500,73500,73500,0,1,0
2008-05-16 17:57:00,73520,73520,73520,73520,1,1,3
2008-05-16 17:58:00,73505,73505,73500,73500,2,1,6
2008-05-16 17:59:00,73490,73540,73490,73500,8,1,24
2008-05-19 10:00:00,73550,73760,73470,73655,147,1,441
2008-05-19 10:01:00,73675,73690,73670,73690,5,1,15
2008-05-19 10:02:00,73655,73655,73580,73595,11,1,33
2008-05-19 10:03:00,73595,73600,73500,73535,29,1,87
2008-05-19 10:04:00,73535,73570,73525,73530,16,1,48
2008-05-19 10:05:00,73530,73590,73510,73535,15,1,45
2008-05-19 10:06:00,73545,73595,73545,73595,6,1,18
2008-05-19 10:07:00,73595,73610,73585,73600,5,1,15
2008-05-19 10:08:00,73620,73620,73600,73600,2,1,6
2008-05-19 10:09:00,73620,73700,73620,73680,11,1,33
2008-05-19 10:10:00,73680,73700,73670,73675,12,1,36
2008-05-19 10:11:00,73700,73760,73700,73730,17,1,51
2008-05-19 10:12:00,73720,73760,73705,73710,11,1,33
2008-05-19 10:13:00,73720,73720,73700,73700,4,1,12
2008-05-19 10:14:00,73700,73720,73695,73700,3,1,9
2008-05-19 10:15:00,73700,73730,73670,73670,8,1,24
2008-05-19 10:16:00,73670,73700,73650,73700,4,1,12
2008-05-19 10:17:00,73700,73700,73700,73700,0,1,0
2008-05-19 10:18:00,73720,73750,73720,73725,11,1,33
2008-05-19 10:19:00,73710,73710,73700,73700,2,1,6
2008-05-19 10:20:00,73740,73750,73720,73750,5,1,15
2008-05-19 10:21:00,73720,73720,73710,73710,2,1,6
2008-05-19 10:22:00,73700,73740,73695,73700,5,1,15
(Content truncated due to size limit. Use line ranges to read remaining content)